Source_Distance(m), Centroid_Error(m), Confidence_Radius(m)
0.000000, 0.444141, 2.842778
0.007078, 0.439141, 2.839831
0.014156, 0.434134, 2.836915
0.021234, 0.429166, 2.833970
0.028313, 0.424129, 2.831117
0.035391, 0.419139, 2.828229
0.042469, 0.414116, 2.825394
0.049547, 0.409087, 2.822584
0.056625, 0.404078, 2.819771
0.063703, 0.399069, 2.818269
0.070781, 0.394094, 2.818471
0.077860, 0.389013, 2.818553
0.084938, 0.384080, 2.818791
0.092016, 0.379005, 2.818911
0.099094, 0.373990, 2.819110
0.106172, 0.368973, 2.819324
0.113250, 0.363955, 2.819553
0.120328, 0.358936, 2.819799
0.127407, 0.353916, 2.820061
0.134485, 0.348895, 2.820340
0.141563, 0.343873, 2.820636
0.148641, 0.338849, 2.820949
0.155719, 0.333825, 2.821280
0.162797, 0.328799, 2.821628
0.169876, 0.323772, 2.821995
0.176954, 0.318743, 2.822381
0.184032, 0.313778, 2.822820
0.191110, 0.308718, 2.823227
0.198188, 0.303730, 2.823692
0.205266, 0.298640, 2.824128
0.212344, 0.293663, 2.824641
0.219423, 0.288627, 2.825364
0.226501, 0.283610, 2.825681
0.233579, 0.278526, 2.826213
0.240657, 0.273507, 2.826791
0.247735, 0.268487, 2.827391
0.254813, 0.263410, 2.827996
0.261891, 0.258374, 2.828635
0.268970, 0.253321, 2.829299
0.276048, 0.248271, 2.829987
0.283126, 0.243217, 2.830684
0.290204, 0.238159, 2.831445
0.297282, 0.233099, 2.832234
0.304360, 0.228042, 2.833049
0.311438, 0.222974, 2.833785
0.318517, 0.217907, 2.834626
0.325595, 0.212839, 2.835486
0.332673, 0.207769, 2.836378
0.339751, 0.202696, 2.837297
0.346829, 0.197620, 2.838244
0.353907, 0.192541, 2.839220
0.360985, 0.187460, 2.840224
0.368064, 0.182375, 2.841261
0.375142, 0.177289, 2.842321
0.382220, 0.172205, 2.843476
0.389298, 0.167109, 2.844558
0.396376, 0.162002, 2.845693
0.403454, 0.156919, 2.846886
0.410532, 0.151815, 2.848104
0.417611, 0.146729, 2.849357
0.424689, 0.141598, 2.850637
0.431767, 0.136480, 2.851934
0.438845, 0.131374, 2.853332
0.445923, 0.126252, 2.854690
0.453001, 0.121114, 2.856102
0.460079, 0.116007, 2.857567
0.467158, 0.110880, 2.859053
0.474236, 0.105750, 2.860582
0.481314, 0.100617, 2.862169
0.488392, 0.095473, 2.863737
0.495470, 0.090399, 2.865405
0.502548, 0.085190, 2.867053
0.509627, 0.080019, 2.868749
0.516705, 0.074887, 2.870503
0.523783, 0.069727, 2.872290
0.530861, 0.064569, 2.874116
0.537939, 0.059404, 2.875980
0.545017, 0.054235, 2.877884
0.552095, 0.049063, 2.879826
0.559174, 0.043889, 2.881812
0.566252, 0.038740, 2.883842
0.573330, 0.033521, 2.885907
0.580408, 0.028329, 2.888018
0.587486, 0.023139, 2.890169
0.594564, 0.017950, 2.892347
0.601642, 0.012750, 2.894576
0.608721, 0.007543, 2.896855
0.615799, 0.002338, 2.899169
0.622877, 0.002875, 2.901528
0.629955, 0.008092, 2.903930
0.637033, 0.013311, 2.906376
0.644111, 0.018539, 2.908863
0.651189, 0.023764, 2.911396
0.658268, 0.028993, 2.913971
0.665346, 0.034257, 2.916584
0.672424, 0.039476, 2.919255
0.679502, 0.044724, 2.921964
0.686580, 0.049994, 2.924705
0.693658, 0.055228, 2.927520
0.700736, 0.060486, 2.930363
0.707815, 0.065749, 2.933251
0.714893, 0.071016, 2.936184
0.721971, 0.076289, 2.939146
0.729049, 0.081491, 2.942186
0.736127, 0.086871, 2.945221
0.743205, 0.092062, 2.948350
0.750283, 0.097422, 2.951496
0.757362, 0.102716, 2.954692
0.764440, 0.108010, 2.957940
0.771518, 0.113287, 2.961399
0.778596, 0.118611, 2.964573
0.785674, 0.123950, 2.967929
0.792752, 0.129312, 2.971428
0.799830, 0.134556, 2.974826
0.806909, 0.139877, 2.978333
0.813987, 0.145202, 2.981881
0.821065, 0.150568, 2.985478
0.828143, 0.155868, 2.989128
0.835221, 0.161202, 2.992843
0.842299, 0.166461, 2.996554
0.849378, 0.171893, 3.000314
0.856456, 0.177249, 3.004129
0.863534, 0.182599, 3.007988
0.870612, 0.187965, 3.011887
0.877690, 0.193261, 3.015842
0.884768, 0.198684, 3.019817
0.891846, 0.204098, 3.023839
0.898925, 0.209487, 3.027905
0.906003, 0.214804, 3.032022
0.913081, 0.220204, 3.036190
0.920159, 0.225579, 3.040369
0.927237, 0.230948, 3.044611
0.934315, 0.236348, 3.048869
0.941393, 0.241699, 3.053214
0.948472, 0.247145, 3.057529
0.955550, 0.252550, 3.061922
0.962628, 0.257973, 3.066350
0.969706, 0.263380, 3.070833
0.976784, 0.268808, 3.075355
0.983862, 0.274214, 3.079882
0.990940, 0.279605, 3.084465
0.998019, 0.285052, 3.089066
1.005097, 0.290540, 3.093710
1.012175, 0.295822, 3.098428
1.019253, 0.301339, 3.103141
1.026331, 0.306763, 3.107906
1.033409, 0.312198, 3.112736
1.040487, 0.317648, 3.117537
1.047566, 0.323162, 3.122396
1.054644, 0.328542, 3.127307
1.061722, 0.333998, 3.132253
1.068800, 0.339438, 3.137213
1.075878, 0.344872, 3.142221
1.082956, 0.350328, 3.147258
1.090034, 0.355901, 3.152307
1.097113, 0.361294, 3.157421
1.104191, 0.366737, 3.162548
1.111269, 0.372235, 3.167709
1.118347, 0.377712, 3.172896
1.125425, 0.383189, 3.178132
1.132503, 0.388659, 3.183378
1.139581, 0.394147, 3.188667
1.146660, 0.399620, 3.193972
1.153738, 0.405087, 3.199313
1.160816, 0.410592, 3.204758
1.167894, 0.416084, 3.210131
1.174972, 0.421577, 3.215535
1.182050, 0.427075, 3.220950
1.189129, 0.432579, 3.226430
1.196207, 0.438073, 3.231938
1.203285, 0.443480, 3.237475
1.210363, 0.449088, 3.243028
1.217441, 0.454589, 3.248610
1.224519, 0.460105, 3.254224
1.231597, 0.465625, 3.259865
1.238676, 0.471092, 3.265515
1.245754, 0.476597, 3.271199
1.252832, 0.482156, 3.276897
1.259910, 0.487688, 3.282627
1.266988, 0.493196, 3.288383
1.274066, 0.498771, 3.294150
1.281144, 0.504235, 3.300011
1.288223, 0.509702, 3.305781
1.295301, 0.515295, 3.311620
1.302379, 0.520824, 3.317482
1.309457, 0.526353, 3.323400
1.316535, 0.531887, 3.329276
1.323613, 0.537419, 3.335237
1.330691, 0.542957, 3.341164
1.337770, 0.548530, 3.347139
1.344848, 0.553919, 3.353112
1.351926, 0.559575, 3.359112
1.359004, 0.565128, 3.365144
1.366082, 0.570678, 3.371194
1.373160, 0.576211, 3.377250
1.380238, 0.581743, 3.383335
1.387317, 0.587282, 3.389439
1.394395, 0.592837, 3.395562
1.401473, 0.598411, 3.401688
1.408551, 0.603960, 3.407869
1.415629, 0.609536, 3.414014
1.422707, 0.615044, 3.420202
1.429785, 0.620631, 3.426411
1.436864, 0.626191, 3.432627
1.443942, 0.631763, 3.438887
1.451020, 0.637300, 3.445117
1.458098, 0.642867, 3.451393
1.465176, 0.648543, 3.457666
1.472254, 0.654017, 3.463983
1.479333, 0.659573, 3.470291
1.486411, 0.665146, 3.476633
1.493489, 0.670724, 3.482971
1.500567, 0.676276, 3.489326
1.507645, 0.681837, 3.495718
1.514723, 0.687414, 3.502079
1.521801, 0.692976, 3.508602
1.528880, 0.698551, 3.514896
1.535958, 0.704127, 3.521321
1.543036, 0.709718, 3.527772
1.550114, 0.715284, 3.534217
1.557192, 0.720860, 3.540683
1.564270, 0.726438, 3.547161
1.571348, 0.732017, 3.553652
1.578427, 0.737597, 3.560156
1.585505, 0.743177, 3.566671
1.592583, 0.748759, 3.573199
1.599661, 0.754341, 3.579738
1.606739, 0.759925, 3.586294
1.613817, 0.765508, 3.592855
1.620895, 0.771132, 3.599426
1.627974, 0.776727, 3.606009
1.635052, 0.782357, 3.612610
1.642130, 0.787853, 3.619222
1.649208, 0.793454, 3.625847
1.656286, 0.799062, 3.632474
1.663364, 0.804657, 3.639113
1.670442, 0.810223, 3.645755
1.677521, 0.815803, 3.652415
1.684599, 0.821453, 3.659094
1.691677, 0.827034, 3.665771
1.698755, 0.832618, 3.672458
1.705833, 0.838204, 3.679155
1.712911, 0.843718, 3.685963
1.719989, 0.849405, 3.692576
1.727068, 0.854959, 3.699301
1.734146, 0.860557, 3.706031
1.741224, 0.866179, 3.712782
1.748302, 0.871761, 3.719535
1.755380, 0.877359, 3.726297
1.762458, 0.882957, 3.733067
1.769536, 0.888555, 3.739845
1.776615, 0.894153, 3.746630
1.783693, 0.899752, 3.753424
1.790771, 0.905353, 3.760226
1.797849, 0.910915, 3.767053
1.804927, 0.916505, 3.773858
1.812005, 0.922131, 3.780679
1.819084, 0.927757, 3.787515
1.826162, 0.933365, 3.794357
1.833240, 0.938969, 3.801218
1.840318, 0.944669, 3.808075
1.847396, 0.950180, 3.814930
1.854474, 0.955786, 3.821804
1.861552, 0.961392, 3.828686
1.868631, 0.966999, 3.835576
1.875709, 0.972616, 3.842464
1.882787, 0.978236, 3.849352
1.889865, 0.983840, 3.856247
1.896943, 0.989458, 3.863170
1.904021, 0.995047, 3.870091
1.911099, 1.000634, 3.877018
1.918178, 1.006260, 3.883952
1.925256, 1.011861, 3.890890
1.932334, 1.017468, 3.897836
1.939412, 1.023083, 3.904777
1.946490, 1.028710, 3.911733
1.953568, 1.034315, 3.918698
1.960646, 1.039929, 3.925664
1.967725, 1.045542, 3.932640
1.974803, 1.051207, 3.939630
1.981881, 1.056768, 3.946607
1.988959, 1.062382, 3.953599
1.996037, 1.067996, 3.960596
2.003115, 1.073610, 3.967598
2.010193, 1.079225, 3.974606
2.017272, 1.084841, 3.981619
2.024350, 1.090456, 3.988638
2.031428, 1.096072, 3.995662
2.038506, 1.101688, 4.002690
2.045584, 1.107305, 4.009724
2.052662, 1.112922, 4.016763
2.059740, 1.118539, 4.023806
2.066819, 1.124156, 4.030855
2.073897, 1.129775, 4.037909
2.080975, 1.135373, 4.044967
2.088053, 1.141027, 4.052036
2.095131, 1.146620, 4.059104
2.102209, 1.152264, 4.066202
2.109287, 1.157870, 4.073246
2.116366, 1.163483, 4.080330
2.123444, 1.169134, 4.087416
2.130522, 1.174728, 4.094507
2.137600, 1.180347, 4.101600
2.144678, 1.185968, 4.108702
2.151756, 1.191589, 4.115804
2.158835, 1.197213, 4.122913
2.165913, 1.202808, 4.130022
2.172991, 1.208460, 4.137142
2.180069, 1.214072, 4.144261
2.187147, 1.219729, 4.151388
2.194225, 1.225349, 4.158517
2.201303, 1.230970, 4.165649
2.208382, 1.236591, 4.172785
2.215460, 1.242213, 4.179925
2.222538, 1.247836, 4.187069
2.229616, 1.253459, 4.194217
2.236694, 1.259082, 4.201368
2.243772, 1.264706, 4.208523
2.250850, 1.270331, 4.215682
2.257929, 1.275956, 4.222844
2.265007, 1.281582, 4.230010
2.272085, 1.287207, 4.237179
2.279163, 1.292834, 4.244351
2.286241, 1.298462, 4.251528
2.293319, 1.304054, 4.258703
2.300397, 1.309677, 4.265887
2.307476, 1.315308, 4.273073
2.314554, 1.320916, 4.280264
2.321632, 1.326555, 4.287459
2.328710, 1.332186, 4.294651
2.335788, 1.337811, 4.301853
2.342866, 1.343435, 4.309056
2.349944, 1.349048, 4.316260
2.357023, 1.354687, 4.323467
2.364101, 1.360314, 4.330678
2.371179, 1.365942, 4.337893
2.378257, 1.371569, 4.345111
2.385335, 1.377197, 4.352332
2.392413, 1.382823, 4.359555
2.399491, 1.388453, 4.366782
2.406570, 1.394079, 4.374011
2.413648, 1.399726, 4.381247
2.420726, 1.405354, 4.388482
2.427804, 1.410983, 4.395720
2.434882, 1.416611, 4.402960
2.441960, 1.422240, 4.410203
2.449039, 1.427881, 4.417447
2.456117, 1.433482, 4.424693
2.463195, 1.439112, 4.431946
2.470273, 1.444742, 4.439201
2.477351, 1.450429, 4.446460
2.484429, 1.456099, 4.453719
2.491507, 1.461745, 4.460981
2.498586, 1.467394, 4.468246
2.505664, 1.472862, 4.475633
2.512742, 1.478495, 4.482907
2.519820, 1.484128, 4.490183
2.526898, 1.489762, 4.497463
2.533976, 1.495395, 4.504745
2.541054, 1.501028, 4.512031
2.548133, 1.506662, 4.519319
2.555211, 1.512471, 4.526447
2.562289, 1.518088, 4.533732
2.569367, 1.523705, 4.541019
2.576445, 1.529323, 4.548309
2.583523, 1.534939, 4.555600
2.590601, 1.540457, 4.562892
2.597680, 1.546083, 4.570194
2.604758, 1.551715, 4.577495
2.611836, 1.557348, 4.584797
2.618914, 1.562979, 4.592098
2.625992, 1.568570, 4.599396
2.633070, 1.574250, 4.606704
2.640148, 1.579883, 4.614015
2.647227, 1.585513, 4.621325
2.654305, 1.591146, 4.628636
2.661383, 1.596778, 4.635952
2.668461, 1.602411, 4.643269
2.675539, 1.608043, 4.650588
2.682617, 1.613676, 4.657910
2.689695, 1.619365, 4.665238
2.696774, 1.624985, 4.672560
2.703852, 1.630595, 4.679886
2.710930, 1.636205, 4.687214
2.718008, 1.641817, 4.694544
2.725086, 1.647430, 4.701876
2.732164, 1.653044, 4.709209
2.739242, 1.658659, 4.716545
2.746321, 1.664275, 4.723882
2.753399, 1.670111, 4.731234
2.760477, 1.675733, 4.738575
2.767555, 1.681355, 4.745919
2.774633, 1.686979, 4.753263
2.781711, 1.692605, 4.760609
2.788790, 1.698231, 4.767957
2.795868, 1.703859, 4.775307
2.802946, 1.709487, 4.782659
2.810024, 1.715117, 4.790012
2.817102, 1.720748, 4.797368
2.824180, 1.726380, 4.804724
2.831258, 1.732014, 4.812082
2.838337, 1.737648, 4.819443
2.845415, 1.743284, 4.826805
2.852493, 1.748921, 4.834168
2.859571, 1.754558, 4.841532
2.866649, 1.760197, 4.848899
2.873727, 1.765837, 4.856267
2.880805, 1.771478, 4.863637
2.887884, 1.777069, 4.871015
2.894962, 1.782699, 4.878380
2.902040, 1.788334, 4.885754
2.909118, 1.794001, 4.893129
2.916196, 1.799602, 4.900507
2.923274, 1.805239, 4.907883
2.930352, 1.810826, 4.915261
2.937431, 1.816448, 4.922643
2.944509, 1.822150, 4.930026
2.951587, 1.827780, 4.937410
2.958665, 1.833419, 4.944796
2.965743, 1.839078, 4.952184
2.972821, 1.844691, 4.959570
2.979899, 1.850327, 4.966960
2.986978, 1.855959, 4.974349
2.994056, 1.861595, 4.981741
3.001134, 1.867231, 4.989134
3.008212, 1.872915, 4.996531
3.015290, 1.878433, 5.003918
3.022368, 1.884110, 5.011317
3.029446, 1.889751, 5.018715
3.036525, 1.895369, 5.026114
3.043603, 1.901069, 5.033521
3.050681, 1.906680, 5.040922
3.057759, 1.912318, 5.048326
3.064837, 1.917955, 5.055731
3.071915, 1.923565, 5.063141
3.078993, 1.929213, 5.070546
3.086072, 1.934867, 5.077951
3.093150, 1.940507, 5.085361
3.100228, 1.946180, 5.092773
3.107306, 1.951778, 5.100183
3.114384, 1.957418, 5.107583
3.121462, 1.963051, 5.115008
3.128541, 1.968707, 5.122424
3.135619, 1.974361, 5.129951
3.142697, 1.979962, 5.137260
3.149775, 1.985584, 5.144812
3.156853, 1.991263, 5.152101
3.163931, 1.996921, 5.159524
3.171009, 2.002578, 5.166949
3.178088, 2.008240, 5.174375
3.185166, 2.013785, 5.181784
3.192244, 2.019422, 5.189209
3.199322, 2.025063, 5.196635
3.206400, 2.030698, 5.204061
3.213478, 2.036335, 5.211489
3.220556, 2.041972, 5.218916
3.227635, 2.047628, 5.226347
3.234713, 2.053247, 5.233779
3.241791, 2.058791, 5.241220
3.248869, 2.064524, 5.248643
3.255947, 2.070162, 5.256078
3.263025, 2.075800, 5.263512
3.270103, 2.081447, 5.270958
3.277182, 2.087075, 5.278386
3.284260, 2.092685, 5.285822
3.291338, 2.098460, 5.293272
3.298416, 2.103988, 5.300701
3.305494, 2.109627, 5.308142
3.312572, 2.115264, 5.315585
3.319650, 2.120840, 5.323024
3.326729, 2.126538, 5.330467
3.333807, 2.132181, 5.337913
3.340885, 2.137814, 5.345357
3.347963, 2.143449, 5.352861
3.355041, 2.149093, 5.360251
3.362119, 2.154730, 5.367699
3.369197, 2.160367, 5.375147
3.376276, 2.166006, 5.382597
3.383354, 2.171660, 5.390046
3.390432, 2.177212, 5.397495
3.397510, 2.183063, 5.404961
3.404588, 2.188564, 5.412404
3.411666, 2.194205, 5.419858
3.418744, 2.199846, 5.427337
3.425823, 2.205486, 5.434800
3.432901, 2.211099, 5.442284
3.439979, 2.216752, 5.449682
3.447057, 2.222378, 5.457170
3.454135, 2.228026, 5.464598
3.461213, 2.233663, 5.472059
3.468292, 2.239293, 5.479524
3.475370, 2.244876, 5.487026
3.482448, 2.250042, 5.494714
3.489526, 2.254838, 5.502485
3.496604, 2.259298, 5.510414
3.503682, 2.263778, 5.518335
3.510760, 2.268358, 5.526272
3.517839, 2.272803, 5.534224
3.524917, 2.277259, 5.542124
3.531995, 2.281786, 5.550041
3.539073, 2.286187, 5.558012
3.546151, 2.290773, 5.565909
3.553229, 2.295278, 5.573838
3.560307, 2.299814, 5.581760
3.567386, 2.304333, 5.589679
3.574464, 2.308853, 5.597612
3.581542, 2.313358, 5.605531
3.588620, 2.317822, 5.613452
3.595698, 2.322566, 5.621384
3.602776, 2.327015, 5.629292
3.609854, 2.331553, 5.637218
3.616933, 2.336127, 5.645142
3.624011, 2.340714, 5.653067
3.631089, 2.345296, 5.660982
3.638167, 2.349868, 5.668860
3.645245, 2.355267, 5.676434
3.652323, 2.365570, 5.682005
3.659401, 2.376483, 5.687347
3.666480, 2.385429, 5.693482
3.673558, 2.393643, 5.699983
3.680636, 2.401287, 5.706596
3.687714, 2.408765, 5.713376
3.694792, 2.415997, 5.720212
3.701870, 2.423063, 5.727110
3.708948, 2.429958, 5.734054
3.716027, 2.436852, 5.741059
3.723105, 2.443561, 5.748089
3.730183, 2.450206, 5.755160
3.737261, 2.456790, 5.762245
3.744339, 2.463340, 5.769367
3.751417, 2.469845, 5.776495
3.758496, 2.476168, 5.783659
3.765574, 2.482646, 5.790824
3.772652, 2.489108, 5.797988
3.779730, 2.495503, 5.805201
3.786808, 2.501871, 5.812389
3.793886, 2.508214, 5.819604
3.800964, 2.514517, 5.826826
3.808043, 2.520797, 5.834055
3.815121, 2.527030, 5.841299
3.822199, 2.533253, 5.848572
3.829277, 2.539462, 5.855833
3.836355, 2.545659, 5.863094
3.843433, 2.551800, 5.870363
3.850511, 2.558018, 5.877643
3.857590, 2.564142, 5.884935
3.864668, 2.570285, 5.892240
3.871746, 2.576397, 5.899543
3.878824, 2.582517, 5.906843
3.885902, 2.588671, 5.914135
3.892980, 2.594699, 5.921489
3.900058, 2.600808, 5.928787
3.907137, 2.606842, 5.936129
3.914215, 2.612965, 5.943429
3.921293, 2.619040, 5.950748
3.928371, 2.625078, 5.958086
3.935449, 2.631138, 5.965424
3.942527, 2.637193, 5.972759
3.949605, 2.643219, 5.980098
3.956684, 2.649229, 5.987448
3.963762, 2.655222, 5.994801
3.970840, 2.661254, 6.002144
3.977918, 2.667242, 6.009512
3.984996, 2.673276, 6.016856
3.992074, 2.679244, 6.024221
3.999152, 2.685236, 6.031597
4.006231, 2.691204, 6.038960
4.013309, 2.697175, 6.046334
4.020387, 2.703163, 6.053695
4.027465, 2.709152, 6.061066
4.034543, 2.715133, 6.068435
4.041621, 2.721080, 6.075820
4.048699, 2.727080, 6.083182
4.055778, 2.732993, 6.090570
4.062856, 2.738976, 6.097963
4.069934, 2.744917, 6.105337
4.077012, 2.750875, 6.112718
4.084090, 2.756821, 6.120113
4.091168, 2.762705, 6.127477
4.098247, 2.768696, 6.134888
4.105325, 2.774610, 6.142292
4.112403, 2.780563, 6.149723
4.119481, 2.786499, 6.157125
4.126559, 2.792435, 6.164509
4.133637, 2.798326, 6.171864
4.140715, 2.804276, 6.179265
4.147794, 2.810269, 6.186662
4.154872, 2.816082, 6.194072
4.161950, 2.821951, 6.201474
4.169028, 2.827951, 6.208888
4.176106, 2.833851, 6.216303
4.183184, 2.839752, 6.223723
4.190262, 2.845501, 6.231094
4.197341, 2.851396, 6.238495
4.204419, 2.857464, 6.245931
4.211497, 2.863358, 6.253320
4.218575, 2.869244, 6.260740
4.225653, 2.875136, 6.268175
4.232731, 2.881021, 6.275574
4.239809, 2.521829, 6.439825
4.246888, 2.521430, 6.450092
4.253966, 2.522191, 6.459842
4.261044, 2.523547, 6.469322
4.268122, 2.525240, 6.478648
4.275200, 2.527259, 6.487878
4.282278, 2.529360, 6.497001
4.289356, 2.531702, 6.506056
4.296435, 2.533943, 6.515066
4.303513, 2.536487, 6.524046
4.310591, 2.539072, 6.532978
4.317669, 2.541726, 6.541880
4.324747, 2.544460, 6.550746
4.331825, 2.547220, 6.559602
4.338903, 2.550043, 6.568432
4.345982, 2.552944, 6.577296
4.353060, 2.555827, 6.586029
4.360138, 2.558774, 6.594805
4.367216, 2.561762, 6.603563
4.374294, 2.564737, 6.612328
4.381372, 2.567794, 6.621056
4.388450, 2.570856, 6.629783
4.395529, 2.573944, 6.638499
4.402607, 2.577060, 6.647204
4.409685, 2.580201, 6.655898
4.416763, 2.583341, 6.664594
4.423841, 2.586517, 6.673272
4.430919, 2.589691, 6.681954
4.437998, 2.592899, 6.690621
4.445076, 2.596129, 6.699278
4.452154, 2.599341, 6.707946
4.459232, 2.602606, 6.716591
4.466310, 2.605870, 6.725234
4.473388, 2.609162, 6.733872
4.480466, 2.612440, 6.742507
4.487545, 2.615739, 6.751138
4.494623, 2.619045, 6.759767
4.501701, 2.622356, 6.768394
4.508779, 2.625737, 6.776990
4.515857, 2.629034, 6.785626
4.522935, 2.632393, 6.794233
4.530013, 2.635752, 6.802842
4.537092, 2.639125, 6.811445
4.544170, 2.642497, 6.820048
4.551248, 2.645878, 6.828662
4.558326, 2.649276, 6.837243
4.565404, 2.652655, 6.845847
4.572482, 2.656063, 6.854437
4.579560, 2.659478, 6.863025
4.586639, 2.662924, 6.871599
4.593717, 2.666354, 6.880182
4.600795, 2.669783, 6.888766
4.607873, 2.673228, 6.897343
4.614951, 2.676663, 6.905926
4.622029, 2.680129, 6.914495
4.629107, 2.683573, 6.923075
4.636186, 2.687029, 6.931649
4.643264, 2.690437, 6.940238
4.650342, 2.693992, 6.948778
4.657420, 2.697471, 6.957344
4.664498, 2.700955, 6.965909
4.671576, 2.704443, 6.974473
4.678654, 2.707935, 6.983035
4.685733, 2.711432, 6.991596
4.692811, 2.714933, 7.000156
4.699889, 2.718457, 7.008705
4.706967, 2.721937, 7.017261
4.714045, 2.725467, 7.025824
4.721123, 2.728958, 7.034394
4.728201, 2.732462, 7.042953
4.735280, 2.736033, 7.051486
4.742358, 2.739530, 7.060052
4.749436, 2.743055, 7.068605
4.756514, 2.746591, 7.077155
4.763592, 2.750146, 7.085694
4.770670, 2.753744, 7.094216
4.777749, 2.757273, 7.102760
4.784827, 2.760868, 7.111378
4.791905, 2.764375, 7.119860
4.798983, 2.767925, 7.128415
4.806061, 2.771476, 7.136992
4.813139, 2.775017, 7.145505
4.820217, 2.778584, 7.154047
4.827296, 2.782135, 7.162598
4.834374, 2.785725, 7.171128
4.841452, 2.789320, 7.179673
4.848530, 2.792845, 7.188204
4.855608, 2.796426, 7.196740
4.862686, 2.799993, 7.205275
4.869764, 2.803636, 7.213838
4.876843, 2.807191, 7.222357
4.883921, 2.810792, 7.230887
4.890999, 2.814357, 7.239437
4.898077, 2.817955, 7.247966
4.905155, 2.821598, 7.256493
4.912233, 2.825150, 7.265033
4.919311, 2.828747, 7.273568
4.926390, 2.832347, 7.282101
4.933468, 2.835949, 7.290634
4.940546, 2.839539, 7.299173
4.947624, 2.843159, 7.307700
4.954702, 2.846752, 7.316230
4.961780, 2.850334, 7.324756
4.968858, 2.853855, 7.333288
4.975937, 2.857598, 7.341828
4.983015, 2.861213, 7.350359
4.990093, 2.864847, 7.358893
4.997171, 2.868453, 7.367417
5.004249, 2.872074, 7.375948
5.011327, 2.875695, 7.384477
5.018405, 2.879334, 7.392999
5.025484, 2.882860, 7.401515
5.032562, 2.886590, 7.410070
5.039640, 2.890202, 7.418593
5.046718, 2.893819, 7.427128
5.053796, 2.897490, 7.435664
5.060874, 2.901095, 7.444178
5.067953, 2.904725, 7.452708
5.075031, 2.908368, 7.461234
5.082109, 2.911861, 7.469738
5.089187, 2.915655, 7.478296
5.096265, 2.919294, 7.486827
5.103343, 2.922927, 7.495343
5.110421, 2.926573, 7.503870
5.117500, 2.930343, 7.512438
5.124578, 2.933869, 7.520922
5.131656, 2.937507, 7.529449
5.138734, 2.941173, 7.537967
5.145812, 2.944660, 7.546455
5.152890, 2.948494, 7.555040
5.159968, 2.952085, 7.563611
5.167047, 2.955753, 7.572084
5.174125, 2.959416, 7.580605
5.181203, 2.963082, 7.589126
5.188281, 2.966727, 7.597656
5.195359, 2.970349, 7.606199
5.202437, 2.974041, 7.614709
5.209515, 2.977689, 7.623231
5.216594, 2.981369, 7.631762
5.223672, 2.984860, 7.640250
5.230750, 2.988688, 7.648810
5.237828, 2.992352, 7.657336
5.244906, 2.995947, 7.665839
5.251984, 2.999716, 7.674399
5.259062, 3.003352, 7.682913
5.266141, 3.007018, 7.691438
5.273219, 3.010686, 7.699962
5.280297, 3.014359, 7.708491
5.287375, 3.018110, 7.717040
5.294453, 3.021698, 7.725538
5.301531, 3.025370, 7.734064
5.308609, 3.029093, 7.742608
5.315688, 3.032705, 7.751098
5.322766, 3.036417, 7.759635
5.329844, 3.040084, 7.768157
5.336922, 3.043747, 7.776691
5.344000, 3.047425, 7.785216
5.351078, 3.051103, 7.793741
5.358156, 3.054783, 7.802267
5.365235, 3.058463, 7.810792
5.372313, 3.062144, 7.819318
5.379391, 3.066038, 7.827898
5.386469, 3.069712, 7.836420
5.393547, 3.073390, 7.844946
5.400625, 3.077075, 7.853472
5.407704, 3.080583, 7.861934
5.414782, 3.084269, 7.870460
5.421860, 3.087950, 7.878988
5.428938, 3.091637, 7.887514
5.436016, 3.095276, 7.896064
5.443094, 3.099013, 7.904566
5.450172, 3.102613, 7.913136
5.457251, 3.106435, 7.921598
5.464329, 3.110130, 7.930121
5.471407, 3.113779, 7.938667
5.478485, 3.117458, 7.947203
5.485563, 3.121211, 7.955767
5.492641, 3.124748, 7.964245
5.499719, 3.128616, 7.972744
5.506798, 3.132316, 7.981270
5.513876, 3.136013, 7.989797
5.520954, 3.139618, 7.998369
5.528032, 3.143357, 8.006876
5.535110, 3.147050, 8.015406
5.542188, 3.150747, 8.023934
5.549266, 3.154449, 8.032459
5.556345, 3.158149, 8.040986
5.563423, 3.161843, 8.049510
5.570501, 3.165568, 8.058025
5.577579, 3.169227, 8.066571
5.584657, 3.172939, 8.075092
5.591735, 3.176678, 8.083600
5.598813, 3.180354, 8.092141
5.605892, 3.184058, 8.100669
5.612970, 3.187762, 8.109196
5.620048, 3.191468, 8.117723
5.627126, 3.195173, 8.126251
5.634204, 3.198879, 8.134779
5.641282, 3.202585, 8.143307
5.648360, 3.206291, 8.151835
5.655439, 3.210000, 8.160363
5.662517, 3.213708, 8.168891
5.669595, 3.217417, 8.177419
5.676673, 3.221125, 8.185947
5.683751, 3.224835, 8.194476
5.690829, 3.228545, 8.203005
5.697907, 3.232255, 8.211533
5.704986, 3.235938, 8.220076
5.712064, 3.239585, 8.228637
5.719142, 3.243411, 8.237110
5.726220, 3.247120, 8.245640
5.733298, 3.250830, 8.254171
5.740376, 3.254539, 8.262703
5.747455, 3.258225, 8.271246
5.754533, 3.261966, 8.279762
5.761611, 3.265664, 8.288301
5.768689, 3.269370, 8.296835
5.775767, 3.273086, 8.305365
5.782845, 3.276802, 8.313895
5.789923, 3.280517, 8.322424
5.797002, 3.284234, 8.330954
5.804080, 3.287951, 8.339485
5.811158, 3.291669, 8.348015
5.818236, 3.295400, 8.356539
5.825314, 3.299119, 8.365070
5.832392, 3.302838, 8.373601
5.839470, 3.306557, 8.382132
5.846549, 3.310276, 8.390663
5.853627, 3.313996, 8.399195
5.860705, 3.317709, 8.407730
5.867783, 3.321424, 8.416265
5.874861, 3.325106, 8.424815
5.881939, 3.328799, 8.433362
5.889017, 3.332490, 8.441909
5.896096, 3.336332, 8.450381
5.903174, 3.340041, 8.458920
5.910252, 3.343745, 8.467465
5.917330, 3.347395, 8.475973
5.924408, 3.351209, 8.484520
5.931486, 3.354933, 8.493051
5.938564, 3.358658, 8.501585
5.945643, 3.362382, 8.510118
5.952721, 3.366045, 8.518629
5.959799, 3.369831, 8.527184
5.966877, 3.373559, 8.535718
5.973955, 3.377360, 8.544301
5.981033, 3.381048, 8.552800
5.988111, 3.384738, 8.561322
5.995190, 3.388432, 8.569843
6.002268, 3.392340, 8.578439
6.009346, 3.395958, 8.586935
6.016424, 3.399648, 8.595454
6.023502, 3.403384, 8.604001
6.030580, 3.407143, 8.612550
6.037659, 3.410839, 8.621060
6.044737, 3.414588, 8.629581
6.051815, 3.418286, 8.638126
6.058893, 3.422023, 8.646663
6.065971, 3.425742, 8.655204
6.073049, 3.429476, 8.663738
6.080127, 3.433209, 8.672272
6.087206, 3.436941, 8.680807
6.094284, 3.440689, 8.689335
6.101362, 3.444412, 8.697876
6.108440, 3.448139, 8.706414
6.115518, 3.451870, 8.714951
6.122596, 3.455560, 8.723508
6.129674, 3.459334, 8.732025
6.136753, 3.463069, 8.740560
6.143831, 3.466843, 8.749077
6.150909, 3.470526, 8.757639
6.157987, 3.474263, 8.766175
6.165065, 3.477990, 8.774715
6.172143, 3.481741, 8.783244
6.179221, 3.485469, 8.791785
6.186300, 3.489203, 8.800322
6.193378, 3.492939, 8.808860
6.200456, 3.496694, 8.817405
6.207534, 3.500409, 8.825938
6.214612, 3.504144, 8.834479
6.221690, 3.507938, 8.843053
6.228768, 3.511586, 8.851620
6.235847, 3.515346, 8.860096
6.242925, 3.519075, 8.868637
6.250003, 3.522774, 8.877195
6.257081, 3.526559, 8.885710
6.264159, 3.530300, 8.894249
6.271237, 3.534026, 8.902794
6.278315, 3.537767, 8.911346
6.285394, 3.541464, 8.919893
6.292472, 3.545229, 8.928454
6.299550, 3.548936, 8.936978
6.306628, 3.552736, 8.945509
6.313706, 3.556446, 8.954061
6.320784, 3.560185, 8.962598
6.327862, 3.563922, 8.971137
6.334941, 3.567662, 8.979676
6.342019, 3.571404, 8.988213
6.349097, 3.575145, 8.996751
6.356175, 3.578872, 9.005298
6.363253, 3.582604, 9.013843
6.370331, 3.586342, 9.022375
6.377410, 3.590197, 9.030959
6.384488, 3.593740, 9.039434
6.391566, 3.597567, 9.048002
6.398644, 3.601306, 9.056544
6.405722, 3.605047, 9.065087
6.412800, 3.608787, 9.073630
6.419878, 3.612528, 9.082174
6.426957, 3.616297, 9.090796
6.434035, 3.619984, 9.099252
6.441113, 3.623771, 9.107814
6.448191, 3.627488, 9.116350
6.455269, 3.631429, 9.125019
6.462347, 3.634996, 9.133388
6.469425, 3.638760, 9.141958
6.476504, 3.642457, 9.150533
6.483582, 3.646202, 9.159069
6.490660, 3.649945, 9.167613
6.497738, 3.653750, 9.176182
6.504816, 3.657433, 9.184704
6.511894, 3.661174, 9.193248
6.518972, 3.664924, 9.201795
6.526051, 3.668631, 9.210327
6.533129, 3.672335, 9.218856
6.540207, 3.676124, 9.227421
6.547285, 3.679893, 9.235975
6.554363, 3.683636, 9.244520
6.561441, 3.687448, 9.253093
6.568519, 3.691127, 9.261614
6.575598, 3.694880, 9.270164
6.582676, 3.698615, 9.278705
6.589754, 3.702360, 9.287251
6.596832, 3.706105, 9.295799
6.603910, 3.709850, 9.304345
6.610988, 3.713595, 9.312891
6.618066, 3.717353, 9.321444
6.625145, 3.721104, 9.329992
6.632223, 3.724855, 9.338542
6.639301, 3.728608, 9.347095
6.646379, 3.732355, 9.355641
6.653457, 3.736112, 9.364192
6.660535, 3.739866, 9.372743
6.667613, 3.743549, 9.381274
6.674692, 3.747312, 9.389819
6.681770, 3.751011, 9.398349
6.688848, 3.754793, 9.406921
6.695926, 3.758554, 9.415465
6.703004, 3.762336, 9.424028
6.710082, 3.766027, 9.432568
6.717161, 3.769716, 9.441087
6.724239, 3.773521, 9.449664
6.731317, 3.777197, 9.458172
6.738395, 3.781193, 9.466821
6.745473, 3.784910, 9.475247
6.752551, 3.788659, 9.483796
6.759629, 3.792407, 9.492346
6.766708, 3.796156, 9.500897
6.773786, 3.799904, 9.509448
6.780864, 3.803564, 9.517986
6.787942, 3.807381, 9.526558
6.795020, 3.811131, 9.535107
6.802098, 3.814881, 9.543658
6.809176, 3.818613, 9.552219
6.816255, 3.822365, 9.560768
6.823333, 3.826113, 9.569320
6.830411, 3.829956, 9.577906
6.837489, 3.833635, 9.586414
6.844567, 3.837316, 9.594939
6.851645, 3.841058, 9.603508
6.858723, 3.844895, 9.612091
6.865802, 3.848534, 9.620596
6.872880, 3.852368, 9.629180
6.879958, 3.856131, 9.637724
6.887036, 3.859830, 9.646303
6.894114, 3.863516, 9.654892
6.901192, 3.867448, 9.663348
6.908270, 3.871134, 9.671934
6.915349, 3.874888, 9.680484
6.922427, 3.878522, 9.688993
6.929505, 3.882277, 9.697592
6.936583, 3.886026, 9.706147
6.943661, 3.889826, 9.714672
6.950739, 3.893626, 9.723262
6.957817, 3.897475, 9.731754
6.964896, 3.901159, 9.740355
6.971974, 3.904756, 9.748848
6.979052, 3.908629, 9.757568
6.986130, 3.912313, 9.766019
6.993208, 3.916147, 9.774581
7.000286, 3.919896, 9.783137
7.007364, 3.923743, 9.791736
7.014443, 3.927459, 9.800281
7.021521, 3.931220, 9.808854
7.028599, 3.934935, 9.817342
7.035677, 3.938652, 9.825897
7.042755, 3.942426, 9.834463
7.049833, 3.946208, 9.843030
7.056912, 3.949954, 9.851560
7.063990, 3.953704, 9.860119
7.071068, 3.957486, 9.868684
